atten = [9,10,8,7,6.25];
P = [70,75,52,16,4];
func = @(b)